{
  "metadata": {
    "kernelspec": {
      "name": "python",
      "display_name": "Python (Pyodide)",
      "language": "python"
    },
    "language_info": {
      "codemirror_mode": {
        "name": "python",
        "version": 3
      },
      "file_extension": ".py",
      "mimetype": "text/x-python",
      "name": "python",
      "nbconvert_exporter": "python",
      "pygments_lexer": "ipython3",
      "version": "3.8"
    }
  },
  "nbformat_minor": 5,
  "nbformat": 4,
  "cells": [
    {
      "id": "e100f1c7-024a-4296-b586-c2f6ae6c5f72",
      "cell_type": "code",
      "source": "import numpy as np\n\n# Step 1: Input Embeddings\nX = np.array([\n    [1.0, 0.0, 1.0],\n    [0.0, 2.0, 1.0],\n    [1.0, 1.0, 0.0]\n])\n\nprint(\"Input Embeddings (X):\")\nprint(X)\n\n# Step 2: Initialize Weight Matrices\nnp.random.seed(42)\nd_model = X.shape[1]\nd_k = 3\nWQ = np.random.randn(d_model, d_k)\nWK = np.random.randn(d_model, d_k)\nWV = np.random.randn(d_model, d_k)\n\n# Step 3: Compute Query, Key, Value\nQ = X @ WQ\nK = X @ WK\nV = X @ WV\n\nprint(\"\\nQuery (Q):\")\nprint(Q)\nprint(\"\\nKey (K):\")\nprint(K)\nprint(\"\\nValue (V):\")\nprint(V)\n\n# Step 4: Compute Attention Scores\nscores = Q @ K.T\nprint(\"\\nAttention Scores:\")\nprint(scores)\n\n# Step 5: Scale Scores\nscaled_scores = scores / np.sqrt(d_k)\nprint(\"\\nScaled Scores:\")\nprint(scaled_scores)\n\n# Step 6: Softmax\ndef softmax(x):\n    exp_x = np.exp(x - np.max(x, axis=-1, keepdims=True))\n    return exp_x / np.sum(exp_x, axis=-1, keepdims=True)\n\nattention_weights = softmax(scaled_scores)\nprint(\"\\nAttention Weights:\")\nprint(attention_weights)\n\n# Step 7: Final Output\nattention_output = attention_weights @ V\nprint(\"\\nFinal Attention Output:\")\nprint(attention_output)",
      "metadata": {
        "trusted": true
      },
      "outputs": [
        {
          "name": "stdout",
          "output_type": "stream",
          "text": "Input Embeddings (X):\n[[1. 0. 1.]\n [0. 2. 1.]\n [1. 1. 0.]]\n\nQuery (Q):\n[[ 2.07592697  0.62917043  0.17821415]\n [ 4.62527253  0.29912798 -0.9377483 ]\n [ 2.01974401 -0.37241768  0.41355158]]\n\nKey (K):\n[[-0.01972749 -1.47624881 -0.15148242]\n [-0.07836299 -4.83939161 -3.13558833]\n [ 0.78452232 -2.37669794 -2.19064759]]\n\nValue (V):\n[[-1.4524068  -1.30138111  0.31465519]\n [-0.99593533  0.245979   -4.00048995]\n [-1.13380038 -1.3447755   0.04090058]]\n\nAttention Scores:\n[[-0.99676123 -3.76628414 -0.25714143]\n [-0.39077994  1.13034503  4.97196871]\n [ 0.44729089  0.34727429  1.5637128 ]]\n\nScaled Scores:\n[[-0.57548036 -2.17446516 -0.14846067]\n [-0.2256169   0.652605    2.87056747]\n [ 0.25824351  0.20049891  0.90281   ]]\n\nAttention Weights:\n[[0.36565953 0.07390037 0.56044009]\n [0.03918491 0.09430305 0.86651204]\n [0.25980424 0.24522688 0.49496889]]\n\nFinal Attention Output:\n[[-1.24011357 -1.21135058 -0.1576587 ]\n [-1.13328384 -1.19306209 -0.32948782]\n [-1.18276746 -0.9434057  -0.87903439]]\n"
        }
      ],
      "execution_count": 2
    },
    {
      "id": "482f64e5-c5b5-47c7-b9aa-21d960d48057",
      "cell_type": "code",
      "source": "",
      "metadata": {
        "trusted": true
      },
      "outputs": [],
      "execution_count": null
    }
  ]
}